3.81442660 7.85834250 3.81377630 7.85686440 1.00000000
3.14086180 6.35185920 2.93848830 7.30396750 1.00000000
2.93142420 7.15358950 2.57672600 7.03356540 1.00000000
3.87260650 8.06458420 3.76407380 7.10754980 1.00000000
2.79913430 6.26396230 2.16169270 8.09730810 1.00000000
2.97123310 7.75280820 2.69717260 6.66429170 1.00000000
2.98992460 6.94049230 2.55926560 6.62243180 1.00000000
3.71644420 6.39450120 2.69454430 5.94108760 1.00000000
3.33289330 6.23351480 2.71968560 7.70714240 1.00000000
2.79801220 7.39397190 3.66736630 7.34633580 1.00000000
3.35037760 8.89926910 3.13240240 7.29892520 1.00000000
2.76595970 7.48080350 4.21581200 6.34353690 1.00000000
3.87528950 6.73326120 2.75827600 6.75665070 1.00000000
1.94906180 8.35535600 2.96380850 7.13564320 1.00000000
3.19659610 6.54471810 2.98005060 7.35274410 1.00000000
3.52019530 6.78805620 3.57095590 6.75521330 1.00000000
3.01598230 7.59545970 3.10550630 5.76362230 1.00000000
2.44436030 5.59845550 2.97360380 6.38081250 1.00000000
3.43775820 6.32606720 2.92578490 7.14916630 1.00000000
2.75710810 7.11144790 3.62575800 6.87752890 1.00000000
8.23612990 8.18579550 8.14002960 8.68490430 -1.00000000
7.91797750 7.57534540 7.91215220 7.20908390 -1.00000000
8.18978150 8.09523940 8.03643120 7.36210480 -1.00000000
7.94083200 8.06282720 8.70652910 8.12612480 -1.00000000
8.28505320 8.01716180 8.48318150 7.42171390 -1.00000000
7.80773880 8.39594360 7.87866420 8.48528820 -1.00000000
8.75859700 7.84972810 7.91028890 8.28098170 -1.00000000
8.40683950 8.16066510 8.16333680 7.90999390 -1.00000000
8.24541100 7.75600530 7.71313840 7.42429230 -1.00000000
7.79476720 7.52046550 7.92114760 8.05416550 -1.00000000
8.24701790 8.17434640 7.64943550 8.30929180 -1.00000000
7.89676250 6.28002100 7.40452900 8.15427030 -1.00000000
8.55653480 7.79423550 7.86520570 7.83615530 -1.00000000
8.23676710 7.73525920 7.96213870 7.91934720 -1.00000000
8.44223480 8.18092780 8.16732040 8.55597800 -1.00000000
7.94383940 8.14289830 7.96925150 8.44551300 -1.00000000
7.84853230 8.47814420 7.44449750 8.24472700 -1.00000000
8.08278510 7.76390430 8.19518650 7.41218780 -1.00000000
7.86205930 8.03104570 7.76214130 6.85391360 -1.00000000
7.77344530 7.82417490 7.60409660 7.60653960 -1.00000000
